150,418.333333333333,2200,418.333333333333,150,1600,2200,1600,
1700,450,1896,450,1700,491.986030695708,1896,491.986030695708,二零一九年
1767.56272401434,498.709165386585,1890.50179211469,498.709165386585,1767.56272401434,534.572964669739,1890.50179211469,534.572964669739,千港元
2047.53046594982,499.97095750128,2170.46953405018,499.97095750128,2047.53046594982,535.834756784434,2170.46953405018,535.834756784434,千港元
1969.66666666667,450.995311880473,2165.66666666667,450.995311880473,1969.66666666667,490.702140296979,2165.66666666667,490.702140296979,二零一八年
1476.66666666667,650,1570,650,1476.66666666667,690.666666666667,1570,690.666666666667,31(a)
1477,793.569523809524,1570.33333333333,793.569523809524,1477,834.236190476191,1570.33333333333,834.236190476191,14(b)
1808.33333333333,844.902857142857,1901.66666666667,844.902857142857,1808.33333333333,882.409966147597,1901.66666666667,882.409966147597,(680)
1475.66666666667,748.236190476191,1569,748.236190476191,1475.66666666667,788.902857142857,1569,788.902857142857,14(b)
1475,698.236190476191,1568.33333333333,698.236190476191,1475,738.902857142857,1568.33333333333,738.902857142857,30
1790.60034909798,653.784761904762,1889.15512765276,653.784761904762,1790.60034909798,694.451428571429,1889.15512765276,694.451428571429,8,310
1792,702.020952380953,1890.55477855478,702.020952380953,1792,737.884751664107,1890.55477855478,737.884751664107,-
1800.07626391513,746.755022944408,1898.63104246991,746.755022944408,1800.07626391513,787.421689611074,1898.63104246991,787.421689611074,(625)
1801.48418932305,797.354285714286,1900.03896787783,797.354285714286,1801.48418932305,835.914580606334,1900.03896787783,835.914580606334,(54)
2032.60781346089,699.969081471452,2172.23684162073,699.969081471452,2032.60781346089,740.635748138118,2172.23684162073,740.635748138118,(14,501)
2075.23551224973,654.129165726322,2173.79029080451,654.129165726322,2075.23551224973,689.529902956443,2173.79029080451,689.529902956443,-
2074.73524895326,755.029809528663,2173.29002750804,755.029809528663,2074.73524895326,790.893608811817,2173.29002750804,790.893608811817,-
2077.89480661519,844.550609949937,2176.44958516996,844.550609949937,2077.89480661519,880.414409233091,2176.44958516996,880.414409233091,(680)
2076.28869813704,795.551136542881,2174.84347669182,795.551136542881,2076.28869813704,831.414935826035,2174.84347669182,831.414935826035,-
1768.25815574631,1099.42159467874,1889.98302382189,1099.42159467874,1768.25815574631,1135.2853939619,1889.98302382189,1135.2853939619,28,168
1757.17337428238,1054.63486482092,1897.85558832952,1054.63486482092,1757.17337428238,1090.49866410408,1897.85558832952,1090.49866410408,(23,988)
2031.50196827922,1054.08194223008,2172.18418232636,1054.08194223008,2031.50196827922,1089.94574151324,2172.18418232636,1089.94574151324,(28,804)
2035.16178923762,949.263616795646,2171.63125973553,949.263616795646,2035.16178923762,985.1274160788,2171.63125973553,985.1274160788,(15,181)
1789.21655490376,948.710694204809,1887.77133345854,948.710694204809,1789.21655490376,984.574493487963,1887.77133345854,984.574493487963,6,951
1785.10912994325,1251.08036245125,1892.08939559651,1251.08036245125,1785.10912994325,1290.10371939634,1892.08939559651,1290.10371939634,4,212
1791.92850856358,1146.26203701681,1890.48328711836,1146.26203701681,1791.92850856358,1182.12583629997,1890.48328711836,1182.12583629997,32
2089.42719208122,1145.70911442598,2165.86506700251,1145.70911442598,2089.42719208122,1181.57291370913,2165.86506700251,1181.57291370913,120
2043.58727633609,1100.92238456816,2170.57807384822,1100.92238456816,2043.58727633609,1136.78618385131,2170.57807384822,1136.78618385131,56,852
2046.29922999591,1247.39421184567,2162.75816863495,1247.39421184567,2046.29922999591,1286.41756879075,2162.75816863495,1286.41756879075,28,168
1783.54015301883,1423.84381034266,1890.52041867208,1423.84381034266,1783.54015301883,1462.86716728774,1890.52041867208,1462.86716728774,4,212
2044.73025307148,1420.15765973708,2161.18919171052,1420.15765973708,2044.73025307148,1459.18101668216,2161.18919171052,1459.18101668216,28,168
1780.12134960002,1525.26831176716,1887.10161525327,1525.26831176716,1780.12134960002,1564.29166871225,1887.10161525327,1564.29166871225,4,212
2041.31144965268,1521.58216116158,2157.77038829171,1521.58216116158,2041.31144965268,1560.60551810667,2157.77038829171,1560.60551810667,28,168
164.336917562724,600,550,600,164.336917562724,644.301994301994,550,644.301994301994,來自融資業務之現金流量
163.532763532764,649.529914529914,484.238581012775,649.529914529914,163.532763532764,693.831908831909,484.238581012775,693.831908831909,發行新股份所得款項
163.390313390313,1092.69230769231,549.053395827589,1092.69230769231,163.390313390313,1136.9943019943,549.053395827589,1136.9943019943,年初之現金及現金等價物
164.387464387464,1044.68660968661,583.098979873173,1044.68660968661,164.387464387464,1088.9886039886,583.098979873173,1088.9886039886,現金及現金等價物減少淨額
161.965811965812,937.421652421652,682.101828876022,937.421652421652,161.965811965812,981.723646723647,682.101828876022,981.723646723647,源自/（用於）融資業務之現金淨額
161.253561253561,698.956263956264,617.571914346108,698.956263956264,161.253561253561,735.997150997151,617.571914346108,735.997150997151,視作提早贖回可換股債券付款
165.669515669516,739.415954415954,539.93658671078,739.415954415954,165.669515669516,783.717948717949,539.93658671078,783.717948717949,已付租賃租金之資本成分
163.247863247863,789.415954415954,538.654535428729,789.415954415954,163.247863247863,830.299145299145,538.654535428729,830.299145299145,已付租賃租金的利息成分
161.965811965812,838.276353276353,482.671629445823,838.276353276353,161.965811965812,880.299145299145,482.671629445823,880.299145299145,已付其他借款利息
165.051341664245,1242.64823064823,550.714424101521,1242.64823064823,165.051341664245,1286.95022495022,550.714424101521,1286.95022495022,年末之現金及現金等價物
167.754044366948,1141.74732974733,381.345054732152,1141.74732974733,167.754044366948,1184.24752224752,381.345054732152,1184.24752224752,匯率變動影響
182.618909231812,1416.07165407165,453.867577254674,1416.07165407165,182.618909231812,1460.37364837365,453.867577254674,1460.37364837365,現金及銀行結餘
160.54683715974,1366.97255497256,546.209919597016,1366.97255497256,160.54683715974,1411.27454927455,546.209919597016,1411.27454927455,現金及現金等價物分析：
1482.79569892473,500,1563.62007168459,500,1482.79569892473,537.813620071685,1563.62007168459,537.813620071685,附註
